5669
8177
7557
5081
2485
3571
8987
2401
8193
2187
5965
505
1959
393
2381
9683
5741
8407
6585
9811
659
3245
8935
8317
6373
809
5737
5599
2629
4877
9925
7669
691
8241
1003
4357
7329
7931
5509
4139
3743
9495
7429
5771
8865
6973
6855
5361
1569
4399
4881
7733
2519
4853
7381
2425
9243
9239
8707
1677
7835
3389
9773
3315
2261
8297
9813
3717
9391
8023
2353
7809
2897
2445
6069
1165
5815
3163
9451
9399
3955
377
4029
8229
9997
2193
5149
5839
861
8577
5115
8091
9225
3833
6305
355
9723
4113
3511
569
7161
3137
5971
3545
2047
7071
4835
73
8785
6217
6611
6079
9787
9307
7723
7459
9359
1543
3319
69
3147
3975
2857
813
2909
4263
8585
9065
6141
5715
1441
1701
9653
8883
2239
817
4405
483
6183
2927
7359
5077
7055
4643
1967
9035
8303
9917
6111
8847
997
8179
795
3443
7421
3185
279
5157
637
7785
8485
5771
3933
3069
4775
4909
6427
903
7069
6905
3053
8875
5359
391
2711
8071
6919
8213
8847
3875
5959
8669
2955
7293
4719
3261
907
6211
1463
9053
537
9249
9847
8399
4443
1587
1143
3985
9869
7059
2609
7401
2847
9205
5793
2121
2821
403
733
9349
6265
2067
6311
6761
1825
9815
2815
6639
8351
1513
4001
217
9441
8015
6367
3805
9027
6961
5949
1123
6929
2935
8345
1789
1267
8559
5821
3749
1501
2597
441
505
5479
2113
2787
8471
2937
3085
6573
4627
8773
4503
5633
8355
3057
2391
7959
4833
2837
1989
3093
5859
4453
9609
2421
3331
3723
4523
5495
3267
3993
9067
5139
5755
1071
3497
4739
7329
5227
7897
867
5943
389
1321
2351
2425
7301
9989
8731
8875
599
989
911
9511
9503
4583
6051
5869
9693
9457
4749
8415
7591
3305
635
9705
9363
9879
7283
9561
7653
631
9605
4941
1123
7151
5471
3133
7259
9995
6029
3733
5793
6621
2669
3003
8155
5627
6251
6489
7445
8869
7637
5771
3149
2451
8351
7083
687
2645
3061
7423
2705
9169
1221
9967
1383
5971
8389
2351
9113
2919
8609
9697
3427
1015
2623
969
637
7631
1551
3737
3627
795
2115
8785
2995
3835
1793
8671
8799
8387
2445
4615
6933
8607
1029
6623
5401
2701
1619
2183
7237
3899
7377
4527
259
7939
2343
2133
9827
7383
6447
3055
1093
9325
3795
1911
7053
2437
6973
7549
4179
9719
3553
725
473
3995
2763
4821
9987
6001
5569
7935
6011
9369
6499
9729
3417
7587
8525
5055
1491
9659
8843
1417
1941
9391
3521
7607
4811
9119
9569
2965
5727
4071
8003
7519
347
6653
4055
6265
5175
7521
2147
3827
1813
8511
7043
1725
2827
4067
8493
9465
3911
1917
6059
4521
875
2135
8783
1081
475
5155
11
867
6431
2605
2207
1941
1365
8979
9381
6765
3533
2261
9881
3969
7513
5015
9603
3429
2347
1797
4781
745
625
103
9053
3811
8011
3483
6643
8211
7869
2973
5791
19
7511
1279
7397
9209
6305
5101
359
3847
4685
1729
5933
1651
2037
2089
7009
5859
2531
5355
8735
8677
375
9265
243
6327
3553
8397
3931
7883
2335
1169
8895
559
6471
9863
6459
6233
7619
395
7125
7247
1437
933
6059
8897
4171
7401
1775
5923
6475
785
5681
2515
4239
7113
9645
8245
1037
1069
5657
7907
1171
2477
1513
3515
2833
5373
5181
2175
5631
775
8239
2137
8229
1487
7241
9441
3207
1345
2157
6151
6623
8007
1407
1551
5489
6381
6321
9357
217
8213
5197
6551
4739
9217
6075
8959
9421
2543
6065
8797
2221
9601
293
5699
2545
3543
4287
2751
9871
203
5039
9691
8911
9505
1285
3165
1069
9961
8027
6453
9053
5823
1957
7417
5577
1689
7399
9011
5413
8281
21
663
5279
3361
3929
7021
7715
5707
9007
1945
2093
3569
9487
15
3175
5505
7641
5233
7933
2911
7891
9459
4517
9613
9743
6397
7645
2875
123
857
6145
5275
7339
1589
183
4375
4411
5549
5575
4263
5449
5361
955
6081
4359
5485
6337
1941
4243
71
4047
2165
1079
2503
391
561
6145
5667
3619
7533
9377
4839
5585
8149
5801
6819
6231
7897
9831
8799
1093
2093
9657
3669
7461
2529
8503
8437
5253
4257
61
5703
8633
51
6809
3981
4197
4835
1199
9621
8229
8745
1929
8043
4887
609
9775
2805
279
7539
9255
8441
2109
5445
8979
1955
2507
7409
5041
7861
2057
7709
415
9361
7471
3675
6207
5535
1339
1819
2623
1395
6697
211
569
2349
163
1615
8783
6853
2753
5697
8157
7713
5003
1621
3593
3189
1073
4855
1473
6787
9795
3337
7565
521
8329
2567
571
1211
4401
4241
1467
8459
4917
7859
1743
1899
4875
6629
1791
893
8627
8189
5109
6359
9551
2701
4359
5851
81
3019
4461
6485
347
5835
1601
3361
2645
49
4019
7595
1043
7571
2451
8511
4231
9697
2795
7143
9877
1693
8313
4445
3065
581
8159
1605
8229
1205
969
5629
8209
4719
1129
1381
9781
4981
8113
9083
6259
8383
9255
4827
2609
4195
9849
1057
5739
6597
2127
9855
9905
7215
5975
8389
4707
17
3419
9767
7677
9995
5131
1441
9079
8391
9387
6325
6441
1069
8731
9249
1585
3713
885
1495
2439
3487
1837
8869
731
7103
5867
1633
9077
1115
5723
995
8745
2741
6675
9763
1563
8347
1405
6263
3251
7815
5747
4217
4809
3525
4615
4671
7865
2877
8271
6191
6329
4479
5949
1219
8181
4549
9035
573
4129
3499
2363
7965
2667
8393
7579
3701
4393
8967
7687
3237
2307
4623
8245
4625
7741
7619
4061
7207
2489
1197
3767
6199
2843
9533
4665
4267
6791
5457
1583
7013
9313
833
2133
9751
5451
7781
1549
6417
5947
913
277
8899
5191
5033
3883
1705
6233
1325
3479
561
487
1829
8085
2933
9733
6163
5121
3135
3727
3313
6909
8937
7383
673
3925
1475
2491
8493
9173
9959
6069
7645
1259
1575
919
4867
1009
7809
5649
2961
8033
5467
1977
1023
